actions : [0.9927118420600891, 0.22414755821228027, 0.06905418634414673, 0.46701809763908386, -0.5327215790748596, 0.4138501286506653, -0.551791787147522, 1.0, 0.2377910614013672, 0.6110678911209106]
unnormalized actions: [0.375736427605152, 0.768630509376526, -0.9340403950214384, 0.6264376020580532, -0.4965766806006432, 0.4471023252606391, -0.02282762289047241, 0.08999999999999986, 0.3788207340240478, 0.5414470465779304]


actions : [1.0, -1.0, -0.14633341133594513, 0.2843957543373108, -0.6023082733154297, -0.12071298807859421, 0.5909912586212158, -0.663298487663269, 0.7602221369743347, -0.41046589612960815]
unnormalized actions: [0.3799999999999999, -0.48, -1.1709667524695395, 0.43367971870303157, -0.5371457233428956, 0.13438290197402236, 1.1428110837936403, -1.7479448288679125, 0.9320752430558202, -0.05359638449549675]


actions : [0.8885360956192017, 1.0, 1.0, 0.7706375122070312, 0.4482066035270691, -0.266998827457428, -0.7240694165229797, -0.24883081018924713, 0.8836213946342468, 0.35844752192497253]
unnormalized actions: [0.3147936159372329, 1.56, 0.0900000000000003, 0.9469078941345216, 0.07530444985628126, 0.048805685937404586, -0.1985508048534393, -1.2899580452591182, 1.0627550569176671, 0.39429568152129646]


actions : [0.5235848426818848, -0.4651569128036499, -0.15152323246002197, -0.3258447051048279, 0.355018675327301, 0.028065484017133713, -0.24414397776126862, 0.09380343556404114, -0.3402363955974579, 1.0]
unnormalized actions: [0.10129713296890253, 0.06553994894027715, -1.176675555706024, -0.21042908623814582, 0.020975887715816377, 0.22141830815002317, 0.29097314268350605, -0.9113472037017347, -0.23331034293770803, 0.768]


actions : [-0.4225308895111084, -1.0, -0.4056555926799774, 0.6886014938354492, -0.5249704122543335, 0.06925521790981293, -0.2547449469566345, 1.0, 0.11091561615467072, 0.6850971579551697]
unnormalized actions: [-0.45218057036399845, -0.48, -1.4562211519479749, 0.8603188767433169, -0.49205775034427646, 0.2455143024772405, 0.2801601541042328, 0.08999999999999986, 0.2444596375077962, 0.5845690945088864]


actions : [1.0, -1.0, 0.486538827419281, 0.3631903827190399, 0.9139306545257568, 1.0, -0.17281654477119446, 0.3918868899345398, 0.5874026417732239, -0.8488696813583374]
unnormalized actions: [0.3799999999999999, -0.48, -0.4748072898387907, 0.5168474489599467, 0.34682157158851623, 0.7899999999999999, 0.3637271243333817, -0.5819649866223338, 0.749059397637844, -0.30896658939123156]


actions : [-1.0, 0.12900464236736298, 0.16929011046886444, 1.0, -0.26715797185897827, -0.48617663979530334, 0.14801913499832153, -0.4567355513572693, 0.8217015266418457, 1.0]
unnormalized actions: [-0.79, 0.6715847352147102, -0.8237808784842489, 1.189, -0.34175309759378436, -0.07941333428025249, 0.690979517698288, -1.5196927842497827, 0.9971819167137145, 0.768]


actions : [-0.07861178368330002, 0.21184517443180084, 0.2257983684539795, 0.41931405663490295, -0.46515002846717834, -0.5177043080329895, -0.8252381682395935, -0.0816323533654213, 0.2901124656200409, 1.0]
unnormalized actions: [-0.2509878934547306, 0.7560820779204369, -0.7616217947006223, 0.5760859867781402, -0.457182466596365, -0.09785702019929887, -0.30174293160438537, -1.1052037504687906, 0.43422910109162316, 0.768]


actions : [1.0, 0.21904903650283813, 0.21624815464019775, 1.0, 1.0, -0.6647329926490784, -1.0, 0.36956411600112915, 0.003931000828742981, 0.143654465675354]
unnormalized actions: [0.3799999999999999, 0.7634300172328949, -0.7721270298957823, 1.189, 0.3969999999999999, -0.18386880069971087, -0.48, -0.6066316518187524, 0.13116292987763878, 0.2691787262558937]


actions : [-0.4610136151313782, 0.3967292904853821, 1.0, -0.398384153842926, -0.31374219059944153, -1.0, -0.840177059173584, 0.1753835380077362, 0.5671425461769104, -1.0]
unnormalized actions: [-0.4746929648518563, 0.9446638762950899, 0.0900000000000003, -0.2869944743812084, -0.36891169711947447, -0.38, -0.31698060035705566, -0.8212011905014516, 0.727603956401348, -0.397]


actions : [0.3004823923110962, -1.0, -0.15893006324768066, -1.0, 1.0, 1.0, 1.0, 1.0, 0.7495554685592651, -0.41069573163986206]
unnormalized actions: [-0.029217800498008817, -0.48, -1.1848230695724484, -0.922, 0.3969999999999999, 0.7899999999999999, 1.56, 0.08999999999999986, 0.9207792412042616, -0.05373026368021966]


actions : [-0.19885224103927612, 1.0, -0.11933499574661255, -1.0, -1.0, 0.28659096360206604, -1.0, -1.0, -0.24935507774353027, 0.1464645266532898]
unnormalized actions: [-0.3213285610079766, 1.56, -1.1412684953212735, -0.922, -0.769, 0.3726557137072086, -0.48, -2.12, -0.13706702733039866, 0.2708155867755413]


actions : [1.0, 1.0, 1.0, -0.5028993487358093, -1.0, -0.4052439332008362, -0.04499349743127823, -0.23566487431526184, -1.0, -1.0]
unnormalized actions: [0.3799999999999999, 1.56, 0.0900000000000003, -0.3973102625906467, -0.769, -0.03206770092248917, 0.49410663262009624, -1.2754096861183646, -0.932, -0.397]


actions : [0.4677024185657501, -0.9647954106330872, 1.0, -1.0, 1.0, 0.8091548681259155, 1.0, -0.4931359887123108, 1.0, 0.6039851903915405]
unnormalized actions: [0.06860591486096368, -0.4440913188457489, 0.0900000000000003, -0.922, 0.3969999999999999, 0.6783555978536605, 1.56, -1.5599152675271035, 1.186, 0.5373213734030724]


actions : [1.0, -0.9755804538726807, -0.4103505611419678, -0.44849956035614014, -1.0, -0.8212259411811829, -0.716699481010437, -1.0, 1.0, -1.0]
unnormalized actions: [0.3799999999999999, -0.45509206295013427, -1.4613856172561643, -0.3398912859559059, -0.769, -0.275417175590992, -0.19103347063064574, -2.12, 1.186, -0.397]


actions : [1.0, -0.7465035915374756, 1.0, 0.12350396811962128, -0.06581629812717438, 1.0, 1.0, -0.23375797271728516, -0.07564610242843628, -0.6607537865638733]
unnormalized actions: [0.3799999999999999, -0.22143366336822506, 0.0900000000000003, 0.26385843835026035, -0.22437090180814268, 0.7899999999999999, 1.56, -1.2733025598526002, 0.046890777528285854, -0.1993890806734562]


actions : [-0.07549673318862915, 1.0, -0.4776637554168701, 1.0, -0.3864153325557709, 1.0, 1.0, 1.0, 1.0, -1.0]
unnormalized actions: [-0.24916558891534812, 1.56, -1.535430130958557, 1.189, -0.41128013888001447, 0.7899999999999999, 1.56, 0.08999999999999986, 1.186, -0.397]


actions : [0.12602505087852478, -1.0, 1.0, -1.0, 0.877862811088562, 0.3511376976966858, 0.17560626566410065, -1.0, 0.1793595552444458, 1.0]
unnormalized actions: [-0.1312753452360631, -0.48, 0.0900000000000003, -0.922, 0.32579401886463166, 0.4104155531525612, 0.7191183909773826, -2.12, 0.31694176900386795, 0.768]


actions : [-0.012626558542251587, -1.0, 1.0, 1.0, 1.0, -1.0, 1.0, 1.0, -1.0, -1.0]
unnormalized actions: [-0.2123865367472173, -0.48, 0.0900000000000003, 1.189, 0.3969999999999999, -0.38, 1.56, 0.08999999999999986, -0.932, -0.397]


actions : [-1.0, -1.0, -1.0, 1.0, 1.0, -1.0, 0.6380097270011902, -1.0, 1.0, -1.0]
unnormalized actions: [-0.79, -0.48, -2.11, 1.189, 0.3969999999999999, -0.38, 1.190769921541214, -2.12, 1.186, -0.397]


actions : [-1.0, 0.09570403397083282, 1.0, 1.0, 1.0, 0.20373396575450897, -1.0, 0.44790729880332947, 1.0, 1.0]
unnormalized actions: [-0.79, 0.6376181146502495, 0.0900000000000003, 1.189, 0.3969999999999999, 0.32418436996638766, -0.48, -0.5200624348223211, 1.186, 0.768]


actions : [-1.0, 1.0, 1.0, 1.0, 1.0, -1.0, 1.0, -1.0, 1.0, -0.9130274057388306]
unnormalized actions: [-0.79, 1.56, 0.0900000000000003, 1.189, 0.3969999999999999, -0.38, 1.56, -2.12, 1.186, -0.3463384638428688]


actions : [-1.0, 1.0, 1.0, 1.0, -1.0, -1.0, -1.0, 1.0, 0.6684579849243164, 1.0]
unnormalized actions: [-0.79, 1.56, 0.0900000000000003, 1.189, -0.769, -0.38, -0.48, 0.08999999999999986, 0.834897006034851, 0.768]


actions : [1.0, 1.0, 0.39600443840026855, 1.0, -1.0, -1.0, 1.0, 1.0, -1.0, 1.0]
unnormalized actions: [0.3799999999999999, 1.56, -0.5743951177597044, 1.189, -0.769, -0.38, 1.56, 0.08999999999999986, -0.932, 0.768]


actions : [-1.0, 1.0, -1.0, -1.0, 1.0, 1.0, 1.0, 0.3616325259208679, -0.4911094903945923, -0.13740652799606323]
unnormalized actions: [-0.79, 1.56, -2.11, -0.922, 0.3969999999999999, 0.7899999999999999, 1.56, -0.615396058857441, -0.3930849503278733, 0.10546069744229314]


actions : [-1.0, 1.0, -1.0, -1.0, 1.0, -1.0, -1.0, -1.0, -1.0, -0.3452810049057007]
unnormalized actions: [-0.79, 1.56, -2.11, -0.922, 0.3969999999999999, -0.38, -0.48, -2.12, -0.932, -0.015626185357570654]


actions : [1.0, 1.0, 0.038999319076538086, 1.0, 1.0, -1.0, 1.0, 1.0, -1.0, 1.0]
unnormalized actions: [0.3799999999999999, 1.56, -0.9671007490158079, 1.189, 0.3969999999999999, -0.38, 1.56, 0.08999999999999986, -0.932, 0.768]


actions : [-1.0, 1.0, -0.4662792980670929, 1.0, 1.0, 0.1786264181137085, 1.0, 1.0, -0.7801114320755005, -0.21673691272735596]
unnormalized actions: [-0.79, 1.56, -1.522907227873802, 1.189, 0.3969999999999999, 0.3094964545965194, 1.56, 0.08999999999999986, -0.6991380065679551, 0.05925074833631516]


actions : [-1.0, 1.0, 1.0, 1.0, 1.0, -1.0, -1.0, 1.0, 1.0, 1.0]
unnormalized actions: [-0.79, 1.56, 0.0900000000000003, 1.189, 0.3969999999999999, -0.38, -0.48, 0.08999999999999986, 1.186, 0.768]


actions : [1.0, 0.1346474289894104, -0.07480740547180176, -1.0, 0.9439229965209961, -1.0, 1.0, -1.0, 1.0, 1.0]
unnormalized actions: [0.3799999999999999, 0.6773403775691986, -1.0922881460189817, -0.922, 0.3643071069717406, -0.38, 1.56, -2.12, 1.186, 0.768]


actions : [1.0, 1.0, 1.0, -0.15046262741088867, 1.0, -1.0, -1.0, 1.0, 1.0, 1.0]
unnormalized actions: [0.3799999999999999, 1.56, 0.0900000000000003, -0.02531330323219294, 0.3969999999999999, -0.38, -0.48, 0.08999999999999986, 1.186, 0.768]


actions : [0.3718198537826538, 1.0, -1.0, 1.0, 1.0, 1.0, 1.0, 1.0, -1.0, -0.2025894820690155]
unnormalized actions: [0.012514614462852403, 1.56, -2.11, 1.189, 0.3969999999999999, 0.7899999999999999, 1.56, 0.08999999999999986, -0.932, 0.06749162669479847]


actions : [-1.0, 1.0, 0.4263460636138916, 1.0, -1.0, 1.0, -1.0, -1.0, 1.0, 1.0]
unnormalized actions: [-0.79, 1.56, -0.541019330024719, 1.189, -0.769, 0.7899999999999999, -0.48, -2.12, 1.186, 0.768]


actions : [-1.0, 1.0, 1.0, -1.0, -1.0, -1.0, 0.41400372982025146, -1.0, 1.0, -1.0]
unnormalized actions: [-0.79, 1.56, 0.0900000000000003, -0.922, -0.769, -0.38, 0.9622838044166566, -2.12, 1.186, -0.397]


actions : [-1.0, -1.0, 1.0, -0.36376166343688965, -1.0, -1.0, 0.7674740552902222, 1.0, 1.0, -0.6571511626243591]
unnormalized actions: [-0.79, -0.48, 0.0900000000000003, -0.25045043575763704, -0.769, -0.38, 1.3228235363960266, 0.08999999999999986, 1.186, -0.19729055222868921]


actions : [1.0, 1.0, -1.0, 1.0, 1.0, -1.0, 1.0, 1.0, 1.0, 1.0]
unnormalized actions: [0.3799999999999999, 1.56, -2.11, 1.189, 0.3969999999999999, -0.38, 1.56, 0.08999999999999986, 1.186, 0.768]


actions : [-1.0, 0.9683524370193481, -1.0, 1.0, 1.0, -1.0, 1.0, -1.0, -1.0, 1.0]
unnormalized actions: [-0.79, 1.5277194857597354, -2.11, 1.189, 0.3969999999999999, -0.38, 1.56, -2.12, -0.932, 0.768]


actions : [1.0, 1.0, 1.0, 0.811018705368042, 1.0, 1.0, -0.4049186706542969, 1.0, 1.0, 1.0]
unnormalized actions: [0.3799999999999999, 1.56, 0.0900000000000003, 0.9895302435159684, 0.3969999999999999, 0.7899999999999999, 0.12698295593261721, 0.08999999999999986, 1.186, 0.768]


actions : [1.0, -1.0, 1.0, 1.0, 1.0, 1.0, 1.0, -1.0, -0.6054637432098389, -0.6682935357093811]
unnormalized actions: [0.3799999999999999, -0.48, 0.0900000000000003, 1.189, 0.3969999999999999, 0.7899999999999999, 1.56, -2.12, -0.5141861040592195, -0.2037809845507145]


actions : [-1.0, -1.0, -1.0, 1.0, 1.0, -1.0, -1.0, 1.0, 1.0, 1.0]
unnormalized actions: [-0.79, -0.48, -2.11, 1.189, 0.3969999999999999, -0.38, -0.48, 0.08999999999999986, 1.186, 0.768]


actions : [1.0, -0.37670671939849854, 1.0, 1.0, -1.0, 1.0, -1.0, 0.9212541580200195, 1.0, 1.0]
unnormalized actions: [0.3799999999999999, 0.15575914621353149, 0.0900000000000003, 1.189, -0.769, 0.7899999999999999, -0.48, 0.002985844612121369, 1.186, 0.768]


actions : [1.0, 0.18394756317138672, -0.8617448806762695, 1.0, 1.0, -1.0, -0.2557474374771118, -1.0, 1.0, -1.0]
unnormalized actions: [0.3799999999999999, 0.7276265144348144, -1.9579193687438963, 1.189, 0.3969999999999999, -0.38, 0.279137613773346, -2.12, 1.186, -0.397]


actions : [1.0, 1.0, -1.0, 1.0, 1.0, -1.0, -1.0, -1.0, 1.0, 1.0]
unnormalized actions: [0.3799999999999999, 1.56, -2.11, 1.189, 0.3969999999999999, -0.38, -0.48, -2.12, 1.186, 0.768]


actions : [1.0, 1.0, 1.0, 1.0, 0.599891185760498, -1.0, 1.0, 1.0, -1.0, -1.0]
unnormalized actions: [0.3799999999999999, 1.56, 0.0900000000000003, 1.189, 0.16373656129837033, -0.38, 1.56, 0.08999999999999986, -0.932, -0.397]


actions : [1.0, 1.0, -0.5179998874664307, 1.0, 1.0, 1.0, -1.0, 1.0, 1.0, -1.0]
unnormalized actions: [0.3799999999999999, 1.56, -1.5797998762130736, 1.189, 0.3969999999999999, 0.7899999999999999, -0.48, 0.08999999999999986, 1.186, -0.397]


actions : [1.0, -1.0, 1.0, 1.0, 1.0, -1.0, -1.0, -1.0, 1.0, -1.0]
unnormalized actions: [0.3799999999999999, -0.48, 0.0900000000000003, 1.189, 0.3969999999999999, -0.38, -0.48, -2.12, 1.186, -0.397]


actions : [1.0, -1.0, 1.0, 1.0, 1.0, 1.0, 1.0, -1.0, 1.0, -1.0]
unnormalized actions: [0.3799999999999999, -0.48, 0.0900000000000003, 1.189, 0.3969999999999999, 0.7899999999999999, 1.56, -2.12, 1.186, -0.397]


actions : [1.0, 1.0, 1.0, 1.0, -1.0, -1.0, 1.0, 1.0, 1.0, 1.0]
unnormalized actions: [0.3799999999999999, 1.56, 0.0900000000000003, 1.189, -0.769, -0.38, 1.56, 0.08999999999999986, 1.186, 0.768]


actions : [1.0, 1.0, 1.0, 1.0, 1.0, -1.0, 1.0, -1.0, -1.0, 1.0]
unnormalized actions: [0.3799999999999999, 1.56, 0.0900000000000003, 1.189, 0.3969999999999999, -0.38, 1.56, -2.12, -0.932, 0.768]


actions : [1.0, -1.0, 1.0, 1.0, -1.0, -0.3555082678794861, -1.0, 1.0, 1.0, -1.0]
unnormalized actions: [0.3799999999999999, -0.48, 0.0900000000000003, 1.189, -0.769, -0.002972336709499368, -0.48, 0.08999999999999986, 1.186, -0.397]


actions : [1.0, -0.698517918586731, -1.0, 1.0, -1.0, 1.0, 0.9636686444282532, 1.0, 1.0, -1.0]
unnormalized actions: [0.3799999999999999, -0.17248827695846558, -2.11, 1.189, -0.769, 0.7899999999999999, 1.5229420173168182, 0.08999999999999986, 1.186, -0.397]


actions : [1.0, 1.0, 1.0, 1.0, -1.0, -1.0, -1.0, 1.0, 1.0, 1.0]
unnormalized actions: [0.3799999999999999, 1.56, 0.0900000000000003, 1.189, -0.769, -0.38, -0.48, 0.08999999999999986, 1.186, 0.768]


actions : [-1.0, 1.0, 1.0, 1.0, 1.0, 1.0, 1.0, 1.0, 1.0, -1.0]
unnormalized actions: [-0.79, 1.56, 0.0900000000000003, 1.189, 0.3969999999999999, 0.7899999999999999, 1.56, 0.08999999999999986, 1.186, -0.397]


actions : [1.0, -1.0, 1.0, -1.0, 1.0, -1.0, 1.0, 1.0, 0.4825093746185303, 1.0]
unnormalized actions: [0.3799999999999999, -0.48, 0.0900000000000003, -0.922, 0.3969999999999999, -0.38, 1.56, 0.08999999999999986, 0.6379774277210234, 0.768]


actions : [-1.0, 1.0, 1.0, 1.0, 1.0, 1.0, 0.8385320901870728, 1.0, 0.1166067123413086, -1.0]
unnormalized actions: [-0.79, 1.56, 0.0900000000000003, 1.189, 0.3969999999999999, 0.7899999999999999, 1.3953027319908142, 0.08999999999999986, 0.25048650836944575, -0.397]


actions : [1.0, 1.0, 1.0, 1.0, 1.0, -1.0, -1.0, 1.0, -1.0, -1.0]
unnormalized actions: [0.3799999999999999, 1.56, 0.0900000000000003, 1.189, 0.3969999999999999, -0.38, -0.48, 0.08999999999999986, -0.932, -0.397]


actions : [1.0, 1.0, 1.0, 1.0, 1.0, 1.0, 1.0, 1.0, 1.0, 1.0]
unnormalized actions: [0.3799999999999999, 1.56, 0.0900000000000003, 1.189, 0.3969999999999999, 0.7899999999999999, 1.56, 0.08999999999999986, 1.186, 0.768]


actions : [1.0, 0.6421634554862976, 1.0, -1.0, 1.0, 1.0, 1.0, 1.0, 1.0, 1.0]
unnormalized actions: [0.3799999999999999, 1.1950067245960236, 0.0900000000000003, -0.922, 0.3969999999999999, 0.7899999999999999, 1.56, 0.08999999999999986, 1.186, 0.768]


actions : [-1.0, 1.0, -1.0, -0.47606801986694336, 1.0, -1.0, 1.0, 1.0, 1.0, -1.0]
unnormalized actions: [-0.79, 1.56, -2.11, -0.36898979496955875, 0.3969999999999999, -0.38, 1.56, 0.08999999999999986, 1.186, -0.397]


actions : [-1.0, 1.0, -0.44574642181396484, 1.0, -1.0, -1.0, -1.0, -1.0, 1.0, 1.0]
unnormalized actions: [-0.79, 1.56, -1.500321063995361, 1.189, -0.769, -0.38, -0.48, -2.12, 1.186, 0.768]


actions : [1.0, 1.0, 1.0, -1.0, 1.0, -0.7894548177719116, -1.0, 1.0, 1.0, 0.6060829162597656]
unnormalized actions: [0.3799999999999999, 1.56, 0.0900000000000003, -0.922, 0.3969999999999999, -0.25683106839656833, -0.48, 0.08999999999999986, 1.186, 0.5385432987213135]


actions : [0.03696340322494507, -0.1697324812412262, -0.04843509569764137, -0.0029321559704840183, 0.3363249599933624, -0.12019452452659607, -0.20284338295459747, 0.042391087859869, 0.15355820953845978, 0.20686589181423187]
unnormalized actions: [-0.18337640911340725, 0.36687286913394934, -1.0632786052674053, 0.13040510937315408, 0.010077451676130278, 0.13468620315194124, 0.3330997493863106, -0.9681578479148449, 0.28961814390122875, 0.3059993819817901]


actions : [-0.042481567710638046, -0.263392835855484, 0.16790352761745453, 0.041042182594537735, 0.10982775688171387, -0.003267536871135235, -0.02990380860865116, -0.37262895703315735, 0.060527503490448, -0.5731763243675232]
unnormalized actions: [-0.22985171711072327, 0.2713393074274063, -0.8253061196207998, 0.17682002372853456, -0.12197041773796091, 0.20308849093038583, 0.5094981152191759, -1.426754997521639, 0.1910986261963844, -0.14837520894408227]


actions : [-0.06956054270267487, 0.45969852805137634, 0.2477400004863739, -0.012151181697845459, -0.2170632779598236, 0.18961158394813538, 0.4265666604042053, 0.2862534523010254, -0.3618004024028778, -0.2498786300420761]
unnormalized actions: [-0.2456929174810648, 1.008892498612404, -0.7374859994649885, 0.12067442771792425, -0.31254789105057723, 0.3159227766096592, 0.9750979936122894, -0.698689935207367, -0.25614662614464767, 0.03994569800049064]


actions : [0.7926937937736511, -0.9023861289024353, -0.721417248249054, 0.24901384115219116, 0.29249706864356995, 1.0, 0.4016335904598236, -0.39147499203681946, 0.2790217995643616, -0.4069879353046417]
unnormalized actions: [0.2587258693575858, -0.380433851480484, -1.8035589730739592, 0.3963341093361378, -0.015474208980798765, 0.7899999999999999, 0.9496662622690202, -1.4475798662006856, 0.4224840857386588, -0.05157047231495382]


actions : [0.6865109205245972, -0.5528212189674377, 0.21652333438396454, 0.9512770175933838, -0.5167660117149353, -0.4823482930660248, 0.04208120331168175, -0.3967443108558655, -0.19001103937625885, 0.35758402943611145]
unnormalized actions: [0.1966088885068893, -0.023877643346786492, -0.7718243321776388, 1.1375728920698167, -0.4872745848298073, -0.07717375144362454, 0.5829228273779155, -1.4534024634957314, -0.07422169069945816, 0.393792697146535]


actions : [-0.4619530439376831, 0.8129052519798279, 0.5395694971084595, 1.0, 0.2518005967140198, 0.47464877367019653, 1.0, 1.0, -0.8110203742980957, -0.8960257768630981]
unnormalized actions: [-0.47524253070354466, 1.3691633570194246, -0.41647355318069423, 1.189, -0.03920025211572653, 0.4826695325970649, 1.56, 0.08999999999999986, -0.7318705763816834, -0.3364350150227547]


actions : [1.0, 1.0, 0.5460994839668274, 1.0, -0.3370179235935211, -0.3985884189605713, -0.9558730721473694, 1.0, -1.0, -0.8675951957702637]
unnormalized actions: [0.3799999999999999, 1.56, -0.4092905676364895, 1.189, -0.3824814494550228, -0.028174225091934235, -0.43499053359031675, 0.08999999999999986, -0.932, -0.3198742015361786]


actions : [0.6346757411956787, -0.870979905128479, -0.17064204812049866, -0.6410579681396484, -0.4539686143398285, 0.34658169746398926, 0.35890406370162964, 0.22159722447395325, 0.7279117107391357, 0.8043137192726135]
unnormalized actions: [0.166285308599472, -0.34839950323104857, -1.1977062529325484, -0.5431366853713989, -0.45066370216012, 0.4077502930164336, 0.9060821449756622, -0.7701350669562819, 0.8978585016727446, 0.6540127414762973]


actions : [-0.06473736464977264, 0.7326459884643555, -0.42799293994903564, -0.016873076558113098, -0.9836516976356506, -0.9790126085281372, -1.0, 1.0, -1.0, -0.16773304343223572]
unnormalized actions: [-0.24287135832011708, 1.2872989082336426, -1.480792233943939, 0.11569046769291169, -0.7594689397215844, -0.3677223759889603, -0.48, 0.08999999999999986, -0.932, 0.08779550220072269]


actions : [0.053898029029369354, -1.0, 0.5934216380119324, -1.0, -0.1820119023323059, -0.8542959690093994, 0.49222663044929504, 1.0, 0.6758632659912109, -1.0]
unnormalized actions: [-0.17346965301781903, -0.48, -0.35723619818687413, -0.922, -0.2921129390597344, -0.2947631418704987, 1.042071163058281, 0.08999999999999986, 0.8427391986846923, -0.397]


actions : [-1.0, -1.0, -1.0, 0.2108580470085144, 0.7170270681381226, 0.0650363564491272, 0.4732929766178131, 1.0, 0.030171828344464302, 1.0]
unnormalized actions: [-0.79, -0.48, -2.11, 0.3560606686174871, 0.23202678072452543, 0.24304626852273936, 1.0227588361501694, 0.08999999999999986, 0.15895196621678764, 0.768]


actions : [-0.2057831883430481, 1.0, -0.3799585998058319, 1.0, 1.0, 0.8225634098052979, -1.0, 1.0, 1.0, 0.9152810573577881]
unnormalized actions: [-0.3253831651806832, 1.56, -1.4279544597864149, 1.189, 0.3969999999999999, 0.6861995947360991, -0.48, 0.08999999999999986, 1.186, 0.7186512159109115]


actions : [-1.0, -1.0, 1.0, 0.4829820394515991, 0.581616222858429, -1.0, 1.0, 1.0, -0.18283036351203918, 0.9917877316474915]
unnormalized actions: [-0.79, -0.48, 0.0900000000000003, 0.643287542641163, 0.15308225792646402, -0.38, 1.56, 0.08999999999999986, -0.06661735495924959, 0.7632163536846639]


actions : [-1.0, 1.0, 0.5112220048904419, -0.12576895952224731, 1.0, 0.6137035489082336, 1.0, -0.5389001369476318, 1.0, 0.8851072788238525]
unnormalized actions: [-0.79, 1.56, -0.44765579462051375, 0.0007508632242679836, 0.3969999999999999, 0.5640165761113166, 1.56, -1.6104846513271331, 1.186, 0.701074989914894]


actions : [1.0, -0.8957701921463013, -1.0, 0.10676087439060211, -0.22831904888153076, 0.2586432695388794, -0.7804217338562012, -0.07915903627872467, -0.09073196351528168, -0.3534613847732544]
unnormalized actions: [0.3799999999999999, -0.3736855959892273, -2.11, 0.24618610291928056, -0.3191100054979325, 0.3563063126802444, -0.25603016853332516, -1.102470735087991, 0.030914850637316582, -0.020391256630420684]


actions : [-0.12015293538570404, 0.00493253767490387, 1.0, 1.0, -1.0, -1.0, 0.6004384160041809, -0.8397818803787231, -1.0, 0.8903021216392517]
unnormalized actions: [-0.27528946720063696, 0.545031188428402, 0.0900000000000003, 1.189, -0.769, -0.38, 1.1524471843242645, -1.9429589778184893, -0.932, 0.7041009858548641]


actions : [-0.6825927495956421, 1.0, -0.25986021757125854, 1.0, -0.31201040744781494, 0.5420390963554382, 1.0, 0.6374722123146057, -0.44323498010635376, 1.0]
unnormalized actions: [-0.6043167585134507, 1.56, -1.2958462393283843, 1.189, -0.36790206754207616, 0.5220928713679313, 1.56, -0.3105932053923608, -0.3423858439326287, 0.768]


actions : [1.0, 1.0, 1.0, 0.6930723786354065, 1.0, 1.0, 1.0, 1.0, -0.3062819242477417, -1.0]
unnormalized actions: [0.3799999999999999, 1.56, 0.0900000000000003, 0.8650378956496717, 0.3969999999999999, 0.7899999999999999, 1.56, 0.08999999999999986, -0.19735255777835858, -0.397]


actions : [-1.0, 1.0, 1.0, 1.0, -1.0, -1.0, 0.29441186785697937, 1.0, 1.0, 1.0]
unnormalized actions: [-0.79, 1.56, 0.0900000000000003, 1.189, -0.769, -0.38, 0.840300105214119, 0.08999999999999986, 1.186, 0.768]


actions : [1.0, -1.0, -0.6071891784667969, -1.0, -1.0, 1.0, 0.1509505659341812, -1.0, 0.7647330164909363, -1.0]
unnormalized actions: [0.3799999999999999, -0.48, -1.6779080963134765, -0.922, -0.769, 0.7899999999999999, 0.6939695772528649, -2.12, 0.9368522644639014, -0.397]


actions : [1.0, -1.0, -1.0, -1.0, 1.0, 0.8027439117431641, 0.5509278774261475, 0.7273766994476318, -0.2121167629957199, 0.08646988868713379]
unnormalized actions: [0.3799999999999999, -0.48, -2.11, -0.922, 0.3969999999999999, 0.6746051883697509, 1.1019464349746704, -0.211248747110367, -0.09763165201246748, 0.23586871016025546]


actions : [1.0, 1.0, -1.0, 0.37364959716796875, 1.0, -0.1411820501089096, 1.0, -1.0, 1.0, 1.0]
unnormalized actions: [0.3799999999999999, 1.56, -2.11, 0.5278871498107912, 0.3969999999999999, 0.12240850068628784, 1.56, -2.12, 1.186, 0.768]


actions : [1.0, 0.4826165437698364, 0.1765628308057785, -1.0, -1.0, 1.0, 1.0, 1.0, -1.0, 1.0]
unnormalized actions: [0.3799999999999999, 1.032268874645233, -0.8157808861136435, -0.922, -0.769, 0.7899999999999999, 1.56, 0.08999999999999986, -0.932, 0.768]


actions : [1.0, 1.0, 1.0, -0.6392562389373779, 1.0, -1.0, -0.26593995094299316, 1.0, -1.0, -1.0]
unnormalized actions: [0.3799999999999999, 1.56, 0.0900000000000003, -0.5412349601984023, 0.3969999999999999, -0.38, 0.268741250038147, 0.08999999999999986, -0.932, -0.397]


actions : [-1.0, -1.0, -0.1678905189037323, -1.0, 1.0, -1.0, -0.09574150294065475, 1.0, -1.0, -1.0]
unnormalized actions: [-0.79, -0.48, -1.1946795707941054, -0.922, 0.3969999999999999, -0.38, 0.4423436670005322, 0.08999999999999986, -0.932, -0.397]


actions : [-1.0, 1.0, -0.44620048999786377, 1.0, -1.0, 1.0, -1.0, 1.0, -1.0, -1.0]
unnormalized actions: [-0.79, 1.56, -1.50082053899765, 1.189, -0.769, 0.7899999999999999, -0.48, 0.08999999999999986, -0.932, -0.397]


actions : [1.0, -1.0, -1.0, -1.0, -0.06756582856178284, 1.0, 1.0, -1.0, 0.6168410181999207, -0.1078406572341919]
unnormalized actions: [0.3799999999999999, -0.48, -2.11, -0.922, -0.22539087805151947, 0.7899999999999999, 1.56, -2.12, 0.7802346382737159, 0.1226828171610832]


actions : [-0.5978806614875793, 0.5988394021987915, 1.0, -1.0, 1.0, -1.0, -1.0, -1.0, -1.0, -1.0]
unnormalized actions: [-0.554760186970234, 1.1508161902427674, 0.0900000000000003, -0.922, 0.3969999999999999, -0.38, -0.48, -2.12, -0.932, -0.397]


actions : [-0.4010355770587921, 0.8077038526535034, 1.0, 0.12668484449386597, 0.07145391404628754, -0.6883987784385681, -1.0, 0.8538841605186462, 0.4398956894874573, 0.30196693539619446]
unnormalized actions: [-0.43960581257939346, 1.3638579297065736, 0.0900000000000003, 0.2672158533632757, -0.14434236811101442, -0.19771328538656235, -0.48, -0.07145800262689583, 0.5928495351672171, 0.3613957398682833]


actions : [1.0, 0.9996434450149536, 1.0, -1.0, 1.0, -0.8581046462059021, -1.0, -1.0, 1.0, -1.0]
unnormalized actions: [0.3799999999999999, 1.5596363139152527, 0.0900000000000003, -0.922, 0.3969999999999999, -0.29699121803045275, -0.48, -2.12, 1.186, -0.397]


actions : [1.0, 1.0, 1.0, -1.0, 0.03958088159561157, -1.0, 1.0, 1.0, -1.0, -1.0]
unnormalized actions: [0.3799999999999999, 1.56, 0.0900000000000003, -0.922, -0.16292434602975847, -0.38, 1.56, 0.08999999999999986, -0.932, -0.397]


actions : [1.0, -1.0, -1.0, -1.0, 1.0, -1.0, 1.0, 1.0, 1.0, -1.0]
unnormalized actions: [0.3799999999999999, -0.48, -2.11, -0.922, 0.3969999999999999, -0.38, 1.56, 0.08999999999999986, 1.186, -0.397]


actions : [1.0, 1.0, -1.0, 1.0, -1.0, -1.0, -1.0, -1.0, 1.0, -1.0]
unnormalized actions: [0.3799999999999999, 1.56, -2.11, 1.189, -0.769, -0.38, -0.48, -2.12, 1.186, -0.397]


actions : [-1.0, 0.07378223538398743, -0.022642716765403748, 0.4955368638038635, 0.2064981460571289, -0.7605397701263428, 0.15255920588970184, -0.56996089220047, 0.06750885397195816, -1.0]
unnormalized actions: [-0.79, 0.6152578800916673, -1.034906988441944, 0.656539159744978, -0.0656115808486939, -0.23991576552391053, 0.6956103900074959, -1.6448067858815194, 0.1984918763563036, -0.397]


actions : [1.0, 1.0, -1.0, -1.0, 1.0, -1.0, 1.0, -1.0, -1.0, -1.0]
unnormalized actions: [0.3799999999999999, 1.56, -2.11, -0.922, 0.3969999999999999, -0.38, 1.56, -2.12, -0.932, -0.397]


actions : [1.0, 1.0, -1.0, 1.0, -1.0, -1.0, 0.8806906342506409, -1.0, 1.0, 1.0]
unnormalized actions: [0.3799999999999999, 1.56, -2.11, 1.189, -0.769, -0.38, 1.4383044469356538, -2.12, 1.186, 0.768]


actions : [1.0, -1.0, 1.0, 1.0, 1.0, -1.0, 1.0, -1.0, -1.0, -1.0]
unnormalized actions: [0.3799999999999999, -0.48, 0.0900000000000003, 1.189, 0.3969999999999999, -0.38, 1.56, -2.12, -0.932, -0.397]


actions : [1.0, -1.0, 1.0, 1.0, 1.0, 1.0, 1.0, 1.0, 1.0, -1.0]
unnormalized actions: [0.3799999999999999, -0.48, 0.0900000000000003, 1.189, 0.3969999999999999, 0.7899999999999999, 1.56, 0.08999999999999986, 1.186, -0.397]


actions : [1.0, 1.0, -1.0, 0.32941436767578125, -1.0, 1.0, -1.0, -1.0, -1.0, -1.0]
unnormalized actions: [0.3799999999999999, 1.56, -2.11, 0.48119686508178716, -0.769, 0.7899999999999999, -0.48, -2.12, -0.932, -0.397]


actions : [1.0, 1.0, -1.0, 0.00048094987869262695, -1.0, -1.0, -1.0, 1.0, -0.22856125235557556, -1.0]
unnormalized actions: [0.3799999999999999, 1.56, -2.11, 0.13400764259696019, -0.769, -0.38, -0.48, 0.08999999999999986, -0.11504636624455467, -0.397]


actions : [1.0, 1.0, 1.0, 1.0, -1.0, -1.0, 1.0, -1.0, -1.0, 1.0]
unnormalized actions: [0.3799999999999999, 1.56, 0.0900000000000003, 1.189, -0.769, -0.38, 1.56, -2.12, -0.932, 0.768]


actions : [1.0, -1.0, 1.0, -1.0, 1.0, -1.0, 1.0, 1.0, -1.0, 1.0]
unnormalized actions: [0.3799999999999999, -0.48, 0.0900000000000003, -0.922, 0.3969999999999999, -0.38, 1.56, 0.08999999999999986, -0.932, 0.768]


actions : [1.0, 1.0, 1.0, 1.0, -1.0, -1.0, 1.0, -1.0, 1.0, -1.0]
unnormalized actions: [0.3799999999999999, 1.56, 0.0900000000000003, 1.189, -0.769, -0.38, 1.56, -2.12, 1.186, -0.397]


actions : [1.0, 1.0, -1.0, -1.0, 1.0, 1.0, 1.0, -1.0, 0.9433376789093018, -1.0]
unnormalized actions: [0.3799999999999999, 1.56, -2.11, -0.922, 0.3969999999999999, 0.7899999999999999, 1.56, -2.12, 1.1259946019649507, -0.397]


actions : [-1.0, -1.0, -1.0, -1.0, 1.0, 1.0, 1.0, -1.0, -1.0, 1.0]
unnormalized actions: [-0.79, -0.48, -2.11, -0.922, 0.3969999999999999, 0.7899999999999999, 1.56, -2.12, -0.932, 0.768]


actions : [1.0, 1.0, 1.0, -1.0, 1.0, -1.0, 1.0, -1.0, -1.0, -0.8579096794128418]
unnormalized actions: [0.3799999999999999, 1.56, 0.0900000000000003, -0.922, 0.3969999999999999, -0.38, 1.56, -2.12, -0.932, -0.3142323882579804]


actions : [1.0, -1.0, -1.0, 1.0, -1.0, -1.0, -1.0, 1.0, 1.0, -1.0]
unnormalized actions: [0.3799999999999999, -0.48, -2.11, 1.189, -0.769, -0.38, -0.48, 0.08999999999999986, 1.186, -0.397]


actions : [-0.5048359632492065, -0.5350425839424133, 0.6458220481872559, -0.42540115118026733, -1.0, 0.6591471433639526, -1.0, 0.2982673943042755, 0.20550721883773804, -1.0]
unnormalized actions: [-0.5003290385007859, -0.005743435621261561, -0.29959574699401825, -0.3155109150707721, -0.769, 0.5906010788679122, -0.48, -0.6854145292937757, 0.34463214474916437, -0.397]


actions : [1.0, -1.0, 1.0, 1.0, 1.0, -1.0, -1.0, -1.0, 1.0, -1.0]
unnormalized actions: [0.3799999999999999, -0.48, 0.0900000000000003, 1.189, 0.3969999999999999, -0.38, -0.48, -2.12, 1.186, -0.397]


actions : [1.0, -1.0, 0.7574014663696289, -1.0, 1.0, 1.0, 1.0, 1.0, -1.0, -1.0]
unnormalized actions: [0.3799999999999999, -0.48, -0.17685838699340795, -0.922, 0.3969999999999999, 0.7899999999999999, 1.56, 0.08999999999999986, -0.932, -0.397]


actions : [-1.0, 1.0, 0.4649085998535156, 1.0, 1.0, -1.0, -1.0, 1.0, 1.0, 1.0]
unnormalized actions: [-0.79, 1.56, -0.49860054016113264, 1.189, 0.3969999999999999, -0.38, -0.48, 0.08999999999999986, 1.186, 0.768]


actions : [-1.0, 1.0, 1.0, 1.0, 1.0, 1.0, -1.0, -1.0, 1.0, 1.0]
unnormalized actions: [-0.79, 1.56, 0.0900000000000003, 1.189, 0.3969999999999999, 0.7899999999999999, -0.48, -2.12, 1.186, 0.768]


actions : [1.0, -1.0, -1.0, -0.6907594203948975, -1.0, 1.0, 1.0, 1.0, 1.0, -1.0]
unnormalized actions: [0.3799999999999999, -0.48, -2.11, -0.5955965682268143, -0.769, 0.7899999999999999, 1.56, 0.08999999999999986, 1.186, -0.397]


actions : [-1.0, 1.0, 1.0, 1.0, -1.0, -1.0, 1.0, -1.0, 1.0, 1.0]
unnormalized actions: [-0.79, 1.56, 0.0900000000000003, 1.189, -0.769, -0.38, 1.56, -2.12, 1.186, 0.768]


actions : [-1.0, 1.0, -1.0, 0.5135548114776611, 1.0, -1.0, 1.0, -1.0, 1.0, 1.0]
unnormalized actions: [-0.79, 1.56, -2.11, 0.6755571035146714, 0.3969999999999999, -0.38, 1.56, -2.12, 1.186, 0.768]


actions : [1.0, 1.0, 1.0, 1.0, 1.0, -1.0, 1.0, 1.0, 1.0, -1.0]
unnormalized actions: [0.3799999999999999, 1.56, 0.0900000000000003, 1.189, 0.3969999999999999, -0.38, 1.56, 0.08999999999999986, 1.186, -0.397]


actions : [-1.0, -1.0, -0.7569352388381958, 1.0, 0.6723118424415588, -1.0, 1.0, -1.0, 1.0, -1.0]
unnormalized actions: [-0.79, -0.48, -1.8426287627220153, 1.189, 0.20595780414342868, -0.38, 1.56, -2.12, 1.186, -0.397]


actions : [1.0, 1.0, 1.0, -1.0, 1.0, -1.0, 1.0, 0.10027933120727539, -1.0, -1.0]
unnormalized actions: [0.3799999999999999, 1.56, 0.0900000000000003, -0.922, 0.3969999999999999, -0.38, 1.56, -0.9041913390159608, -0.932, -0.397]


actions : [-1.0, 1.0, -1.0, 1.0, 1.0, -1.0, 1.0, 1.0, 1.0, -0.9967145919799805]
unnormalized actions: [-0.79, 1.56, -2.11, 1.189, 0.3969999999999999, -0.38, 1.56, 0.08999999999999986, 1.186, -0.3950862498283386]


actions : [-1.0, 1.0, 1.0, -1.0, -1.0, -1.0, -1.0, -1.0, -1.0, -0.2048717737197876]
unnormalized actions: [-0.79, 1.56, 0.0900000000000003, -0.922, -0.769, -0.38, -0.48, -2.12, -0.932, 0.06616219180822369]


actions : [-1.0, 1.0, -1.0, 1.0, 1.0, 1.0, -1.0, 1.0, 0.4356365203857422, -0.16721653938293457]
unnormalized actions: [-0.79, 1.56, -2.11, 1.189, 0.3969999999999999, 0.7899999999999999, -0.48, 0.08999999999999986, 0.5883390750885008, 0.08809636580944064]


actions : [-0.03322092816233635, 0.1785852313041687, -0.14634600281715393, -0.03834247961640358, 0.09070819616317749, -0.10232684761285782, -0.0021823516581207514, -0.2053196132183075, -0.04434889554977417, 0.3677724599838257]
unnormalized actions: [-0.22443424297496684, 0.7221569359302522, -1.1709806030988692, 0.09302951276488602, -0.13311712163686762, 0.14513879414647812, 0.5377740013087169, -1.24187817260623, 0.08003451961278907, 0.3997274579405785]


actions : [0.9269474148750305, -0.5700004696846008, -0.8736400008201599, -0.07105895131826401, 0.4314950108528137, -0.3619133234024048, -0.7168458104133606, 0.5970582962036133, -0.48497259616851807, -0.12990806996822357]
unnormalized actions: [0.33726423770189284, -0.04140047907829281, -1.9710040009021759, 0.058497276883572424, 0.0655615913271903, -0.006719294190406844, -0.19118272662162777, -0.3552505826950074, -0.38658597934246075, 0.10982854924350971]


actions : [-0.18170346319675446, 0.0065126256085932255, -1.0, 0.6893239617347717, 0.21397806704044342, -0.42267802357673645, 0.6665345430374146, 1.0, -0.8390052318572998, -0.016343938186764717]
unnormalized actions: [-0.31129652597010143, 0.5466428781207651, -2.11, 0.8610814416110516, -0.06125078691542152, -0.04226664379239087, 1.2198652338981628, 0.08999999999999986, -0.7615065405368806, 0.17597965600620957]


actions : [-0.16078582406044006, -1.0, -0.008168230764567852, -0.6797628998756409, -0.865909218788147, -0.22704315185546875, -0.2970253825187683, -0.715311586856842, -0.02194913476705551, -0.4476984143257141]
unnormalized actions: [-0.2990597070753575, -0.48, -1.0189850538410243, -0.5839897408187389, -0.6908250745534897, 0.07217975616455075, 0.23703410983085638, -1.8054193034768105, 0.10375586628168809, -0.07528432634472848]


actions : [0.524379551410675, 1.0, 0.30759647488594055, 0.12045229226350784, -0.3144110441207886, -0.41015803813934326, -0.6316766142845154, 0.49081894755363464, -0.44316670298576355, 0.9243780970573425]
unnormalized actions: [0.10176203757524482, 1.56, -0.6716438776254652, 0.2606373944841326, -0.3693016387224198, -0.034942452311515826, -0.10431014657020565, -0.47264506295323394, -0.3423135384619237, 0.723950241535902]


actions : [0.15098965167999268, -0.9212743043899536, -1.0, 0.6409867405891418, 0.04167008399963379, -0.023304350674152374, -0.4770932197570801, -0.5673414468765259, -0.2956094443798065, -0.1763145923614502]
unnormalized actions: [-0.11667105376720432, -0.39969979047775267, -2.11, 0.8100615046918392, -0.16170634102821357, 0.19136695485562083, 0.05336491584777836, -1.6419122987985613, -0.18605040159821518, 0.08279674994945524]


actions : [0.3110809028148651, -0.9780349731445312, -0.29756712913513184, 0.16110944747924805, 1.0, 1.0, 1.0, -1.0, -0.06812343001365662, -1.0]
unnormalized actions: [-0.023017671853303945, -0.45759567260742184, -1.3373238420486449, 0.30355102181434634, 0.3969999999999999, 0.7899999999999999, 1.56, -2.12, 0.05485728761553754, -0.397]


actions : [1.0, 1.0, 0.7533182501792908, -1.0, -0.1255475878715515, -1.0, -1.0, 0.6234728693962097, -0.2179614156484604, -1.0]
unnormalized actions: [0.3799999999999999, 1.56, -0.1813499248027799, -0.922, -0.2591942437291146, -0.38, -0.48, -0.32606247931718846, -0.10382113917171965, -0.397]


actions : [-0.8722174167633057, 0.38010478019714355, -1.0, 0.2886432111263275, -0.9274093508720398, 0.37977683544158936, -0.9929066300392151, 0.17678792774677277, -0.775603711605072, -0.4651877284049988]
unnormalized actions: [-0.7152471888065338, 0.9277068758010865, -2.11, 0.4381629093438387, -0.7266796515583992, 0.42716944873332974, -0.4727647626399994, -0.8196493398398161, -0.6943643305897713, -0.08547185179591182]


actions : [1.0, -1.0, -0.24122270941734314, -0.3489975035190582, 0.33819806575775146, -0.7544211149215698, -1.0, -0.333533376455307, -0.5496368408203125, 0.9272412061691284]
unnormalized actions: [0.3799999999999999, -0.48, -1.2753449803590773, -0.23486686496436593, 0.011169472336769015, -0.23633635222911836, -0.48, -1.3835543809831143, -0.455065414428711, 0.7256180025935173]


actions : [0.824816882610321, -0.3531491458415985, -0.8108742833137512, -0.6541056036949158, -1.0, 0.5325172543525696, 1.0, -1.0, -0.3172362148761749, -0.9417244791984558]
unnormalized actions: [0.2775178763270376, 0.17978787124156959, -1.9019617116451262, -0.5569084646999836, -0.769, 0.5165225937962531, 1.56, -2.12, -0.2089531515538693, -0.36305450913310056]


actions : [1.0, -0.8101800084114075, 1.0, 1.0, -1.0, -0.05470963567495346, -1.0, -1.0, 1.0, -1.0]
unnormalized actions: [0.3799999999999999, -0.28638360857963563, 0.0900000000000003, 1.189, -0.769, 0.17299486313015222, -0.48, -2.12, 1.186, -0.397]


actions : [1.0, 0.10924921929836273, -1.0, 0.24222639203071594, 0.2622050344944, 0.5715625286102295, -0.6853703260421753, -0.5668542385101318, -0.2444658875465393, 1.0]
unnormalized actions: [0.3799999999999999, 0.6514342036843299, -2.11, 0.3891699567884207, -0.0331344648897649, 0.5393640792369842, -0.15907773256301877, -1.6413739335536959, -0.1318893749117852, 0.768]


actions : [0.7073582410812378, 1.0, -1.0, -1.0, 1.0, 0.8868029117584229, 0.16699780523777008, -1.0, 1.0, -1.0]
unnormalized actions: [0.20880457103252403, 1.56, -2.11, -0.922, 0.3969999999999999, 0.7237797033786774, 0.7103377613425255, -2.12, 1.186, -0.397]


actions : [0.49910256266593933, 0.20418217778205872, 1.0, 0.9041000604629517, 1.0, -0.17140676081180573, -0.7882292866706848, -0.28074246644973755, -0.550248384475708, 1.0]
unnormalized actions: [0.0869749991595744, 0.7482658213377, 0.0900000000000003, 1.0877776138186457, 0.3969999999999999, 0.1047270449250936, -0.2639938724040985, -1.3252204254269602, -0.45571303915977485, 0.768]


actions : [-1.0, 1.0, -1.0, -1.0, 0.14027529954910278, -0.4469269812107086, 1.0, -1.0, 0.44307446479797363, -0.6059460043907166]
unnormalized actions: [-0.79, 1.56, -2.11, -0.922, -0.10421950036287309, -0.056452284008264575, 1.56, -2.12, 0.596215858221054, -0.1674635475575924]


actions : [-1.0, 0.004439990967512131, 1.0, 1.0, 1.0, -1.0, -1.0, -1.0, 1.0, 0.9101426601409912]
unnormalized actions: [-0.79, 0.5445287907868623, 0.0900000000000003, 1.189, 0.3969999999999999, -0.38, -0.48, -2.12, 1.186, 0.7156580995321273]


actions : [1.0, 1.0, -0.6415511965751648, -1.0, -1.0, 1.0, 1.0, -1.0, -0.22269846498966217, -1.0]
unnormalized actions: [0.3799999999999999, 1.56, -1.715706316232681, -0.922, -0.769, 0.7899999999999999, 1.56, -2.12, -0.10883767442405234, -0.397]


actions : [-0.6175460815429688, 1.0, -1.0, -1.0, -1.0, 0.4916861951351166, 0.9003238081932068, -1.0, -1.0, -1.0]
unnormalized actions: [-0.5662644577026368, 1.56, -2.11, -0.922, -0.769, 0.4926364241540432, 1.458330284357071, -2.12, -0.932, -0.397]


actions : [-0.8717761635780334, -0.2724173069000244, -0.30414050817489624, 1.0, 1.0, 1.0, 0.4639677107334137, 0.9286478161811829, -1.0, 0.14652009308338165]
unnormalized actions: [-0.7149890556931496, 0.26213434696197513, -1.3445545589923857, 1.189, 0.3969999999999999, 0.7899999999999999, 1.013247064948082, 0.011155836880206937, -0.932, 0.2708479542210698]


actions : [-0.6959213614463806, -0.237177774310112, 1.0, -1.0, 0.9336056709289551, 1.0, -0.6835214495658875, -1.0, -1.0, -1.0]
unnormalized actions: [-0.6121139964461327, 0.29807867020368584, 0.0900000000000003, -0.922, 0.3582921061515808, 0.7899999999999999, -0.15719187855720518, -2.12, -0.932, -0.397]


