2.349999999999999900000000000000e-001                                                                                                                                                         
1.000000000000000000000000000000e-002                                                                                                                                                         
5.000000000000000000000000000000e+001                                                                                                                                                         
3.615556257522585000000000000000e-004                                                                                                                                                         
-4.220574081473745000000000000000e-002                                                                                                                                                        
-1.174260457498588300000000000000e-001                                                                                                                                                        
0.000000000000000000000000000000e+000                                                                                                                                                         
0.000000000000000000000000000000e+000                                                                                                                                                         
0.000000000000000000000000000000e+000                                                                                                                                                         
1.000000000000000000000000000000e+000                                                                                                                                                         
1.000000000000000000000000000000e-002                                                                                                                                                         
0.000000000000000000000000000000e+000                                                                                                                                                         
4.170212765957447300000000000000e-001                                                                                                                                                         
1.000000000000000000000000000000e+000                                                                                                                                                         
-4.170212765957447300000000000000e-001                                                                                                                                                        
0.000000000000000000000000000000e+000                                                                                                                                                         
0.000000000000000000000000000000e+000                                                                                                                                                         
1.000000000000000000000000000000e+000                                                                                                                                                         
-5.342291870946633000000000000000e+001                                                                                                                                                        
-2.024720851081117000000000000000e+003                                                                                                                                                        
-3.135350146980334800000000000000e+002                                                                                                                                                        
2.228193434030459100000000000000e+002                                                                                                                                                         
0.000000000000000000000000000000e+000                                                                                                                                                         
0.000000000000000000000000000000e+000                                                                                                                                                         
1.000000000000000000000000000000e-002                                                                                                                                                         
0.000000000000000000000000000000e+000                                                                                                                                                         
0.000000000000000000000000000000e+000                                                                                                                                                         
1.000000000000000000000000000000e+000                                                                                                                                                         
5.342291870946633000000000000000e+001                                                                                                                                                         
8.196300114385326200000000000000e+001                                                                                                                                                         
9.069728676417423700000000000000e+001                                                                                                                                                         
9.110665415688822600000000000000e+001                                                                                                                                                         
8.812939494203180900000000000000e+001                                                                                                                                                         
8.388289375017006900000000000000e+001                                                                                                                                                         
7.926871100623918700000000000000e+001                                                                                                                                                         
7.466476212365239500000000000000e+001                                                                                                                                                         
7.022379118292099100000000000000e+001                                                                                                                                                         
6.600205367553417100000000000000e+001                                                                                                                                                         
6.201477588099760400000000000000e+001                                                                                                                                                         
5.826003746061110200000000000000e+001                                                                                                                                                         
5.472903806701168600000000000000e+001                                                                                                                                                         
5.141049379977772600000000000000e+001                                                                                                                                                         
4.829250393189147400000000000000e+001                                                                                                                                                         
4.536332841840464900000000000000e+001                                                                                                                                                         
4.261169732922837700000000000000e+001                                                                                                                                                         
4.002691998476825600000000000000e+001                                                                                                                                                         
3.759890918418932400000000000000e+001                                                                                                                                                         
3.531817020104108500000000000000e+001                                                                                                                                                         
3.317577588544423900000000000000e+001                                                                                                                                                         
3.116333699686703100000000000000e+001                                                                                                                                                         
2.927297162826215500000000000000e+001                                                                                                                                                         
2.749727531693784500000000000000e+001                                                                                                                                                         
2.582929246479037000000000000000e+001                                                                                                                                                         
2.426248927493614400000000000000e+001                                                                                                                                                         
2.279072823632464000000000000000e+001                                                                                                                                                         
2.140824411570156400000000000000e+001                                                                                                                                                         
2.010962138847710900000000000000e+001                                                                                                                                                         
1.888977303111784100000000000000e+001                                                                                                                                                         
1.774392059675275800000000000000e+001                                                                                                                                                         
1.666757549799075400000000000000e+001                                                                                                                                                         
1.565652142452114500000000000000e+001                                                                                                                                                         
1.470679782700005900000000000000e+001                                                                                                                                                         
1.381468440269135600000000000000e+001                                                                                                                                                         
1.297668652215934100000000000000e+001                                                                                                                                                         
1.218952153995644500000000000000e+001                                                                                                                                                         
1.145010593569489300000000000000e+001                                                                                                                                                         
1.075554323513577500000000000000e+001                                                                                                                                                         
1.010311266398326800000000000000e+001                                                                                                                                                         
9.490258489937531300000000000000e+000                                                                                                                                                         
8.914580011257754700000000000000e+000                                                                                                                                                         
8.373822152618586800000000000000e+000                                                                                                                                                         
7.865866631421141600000000000000e+000                                                                                                                                                         
7.388723659954521800000000000000e+000                                                                                                                                                         
6.940524150904458600000000000000e+000                                                                                                                                                         
6.519512395674617300000000000000e+000                                                                                                                                                         
6.124039186840946100000000000000e+000                                                                                                                                                         
5.752555357797270100000000000000e+000                                                                                                                                                         
5.403605714285433200000000000000e+000                                                                                                                                                         
